# DEBUGGING

### Uitleg

In `script.js` staat een functie die de tafel van 1 tot 10 in de console toont. 

### Opdracht

> ### Inleveren in canvas
> :warning: Los onderstaande bugs op en lever in Canvas een link in bij deze opdracht naar het `js/script.js` bestand op github.

Fix de onderstaande bug(s):

1. Er is een bug waardoor de eerste rij en kolom getoond worden als 00 zijn ipv 01, etc.
### Eindresultaat

Output in de console met bug:
```cmd
00 | 00 | 00 | 00 | 00 | 00 | 00 | 00 | 00 | 00 | 00 | 
00 | 01 | 02 | 03 | 04 | 05 | 06 | 07 | 08 | 09 | 10 | 
00 | 02 | 04 | 06 | 08 | 10 | 12 | 14 | 16 | 18 | 20 | 
00 | 03 | 06 | 09 | 12 | 15 | 18 | 21 | 24 | 27 | 30 | 
00 | 04 | 08 | 12 | 16 | 20 | 24 | 28 | 32 | 36 | 40 | 
00 | 05 | 10 | 15 | 20 | 25 | 30 | 35 | 40 | 45 | 50 | 
00 | 06 | 12 | 18 | 24 | 30 | 36 | 42 | 48 | 54 | 60 | 
00 | 07 | 14 | 21 | 28 | 35 | 42 | 49 | 56 | 63 | 70 | 
00 | 08 | 16 | 24 | 32 | 40 | 48 | 56 | 64 | 72 | 80 | 
00 | 09 | 18 | 27 | 36 | 45 | 54 | 63 | 72 | 81 | 90 | 
00 | 10 | 20 | 30 | 40 | 50 | 60 | 70 | 80 | 90 | 100 |
```

Output in de console zonder bug:
```cmd
01 | 02 | 03 | 04 | 05 | 06 | 07 | 08 | 09 | 10 | 
02 | 04 | 06 | 08 | 10 | 12 | 14 | 16 | 18 | 20 | 
03 | 06 | 09 | 12 | 15 | 18 | 21 | 24 | 27 | 30 | 
04 | 08 | 12 | 16 | 20 | 24 | 28 | 32 | 36 | 40 | 
05 | 10 | 15 | 20 | 25 | 30 | 35 | 40 | 45 | 50 | 
06 | 12 | 18 | 24 | 30 | 36 | 42 | 48 | 54 | 60 | 
07 | 14 | 21 | 28 | 35 | 42 | 49 | 56 | 63 | 70 | 
08 | 16 | 24 | 32 | 40 | 48 | 56 | 64 | 72 | 80 | 
09 | 18 | 27 | 36 | 45 | 54 | 63 | 72 | 81 | 90 | 
10 | 20 | 30 | 40 | 50 | 60 | 70 | 80 | 90 | 100 |
```

### Bronnen